-0.66691,3
-0.91136,3
-1.3592,3
-1.6401,3
-0.48128,3
0.86299,3
2.1315,3
3.2712,3
2.9086,3
2.5215,3
2.0584,3
1.8297,3
1.6756,3
1.6685,3
1.5961,3
1.4988,3
1.494,3
1.4738,3
1.4876,3
1.46,3
1.4141,3
1.1176,3
1.1316,3
1.2897,3
1.4594,3
1.8708,3
2.3665,3
3.1279,3
4.1012,3
3.4245,3
2.8608,3
2.4225,3
2.1717,3
1.9816,3
1.7566,3
1.7513,3
1.6383,3
1.6437,3
1.5666,3
1.5445,3
1.588,3
1.5876,3
1.4224,3
1.4498,3
1.5074,3
1.5863,3
1.7228,3
1.7886,3
1.8979,3
1.9272,3
1.9463,3
1.9175,3
1.9076,3
1.803,3
1.7655,3
1.6759,3
1.6607,3
1.6952,3
1.6367,3
1.64,3
1.5368,3
1.5689,3
1.5499,3
1.4198,3
1.513,3
1.524,3
1.4817,3
1.5179,3
1.5665,3
1.5587,3
1.5537,3
1.5823,3
1.551,3
1.6209,3
1.602,3
1.5629,3
1.5496,3
1.5831,3
1.5005,3
1.5786,3
1.5533,3
1.5523,3
1.4824,3
1.4767,3
1.3603,3
1.4106,3
1.4401,3
1.4132,3
1.427,3
1.4704,3
1.4473,3
1.4565,3
1.534,3
1.5057,3
1.5212,3
1.4824,3
1.5066,3
1.5275,3
1.4758,3
1.4693,3
1.4862,3
1.5029,3
1.5093,3
1.4983,3
1.4817,3
1.1873,3
1.1857,3
1.2073,3
1.205,3
1.3013,3
1.3175,3
1.3318,3
1.3812,3
1.3955,3
1.3425,3
1.3679,3
1.4303,3
1.4154,3
1.4221,3
1.3645,3
1.3848,3
1.4213,3
1.3639,3
1.3907,3
1.4323,3
1.4342,3
0.65555,3
0.69653,3
0.74686,3
0.80016,3
0.92132,3
1.0397,3
1.1592,3
1.1864,3
1.2371,3
1.2862,3
1.3121,3
1.3183,3
1.3857,3
1.3301,3
1.3779,3
1.4018,3
1.4034,3
1.3825,3
1.3578,3
1.3748,3
1.3577,3
-0.87447,3
-1.1026,3
-1.6105,3
-2.0026,3
-1.0897,3
-0.099036,3
0.56295,3
1.0048,3
1.2504,3
1.3287,3
1.3743,3
1.4589,3
1.3878,3
1.3853,3
1.4522,3
1.4365,3
1.4099,3
1.3587,3
1.4334,3
1.4039,3
1.4074,3
-0.15876,3
-0.4393,3
-0.99695,3
-1.5796,3
-0.7537,3
0.077426,3
0.60025,3
0.89656,3
1.0756,3
1.1778,3
1.2797,3
1.3568,3
1.365,3
1.3694,3
1.4754,3
1.4689,3
1.4451,3
1.4334,3
1.4898,3
1.4932,3
1.4617,3
3.2712,3
3.5588,3
4.0869,3
4.8548,3
3.9989,3
3.0471,3
2.6063,3
2.2292,3
2.135,3
1.9337,3
1.8865,3
1.8362,3
1.8362,3
1.7388,3
1.7452,3
1.7494,3
1.7379,3
1.7254,3
1.725,3
1.6491,3
1.6321,3
3.827,3
4.049,3
4.6844,3
5.324,3
4.344,3
3.4269,3
2.8456,3
2.612,3
2.3482,3
2.2046,3
2.0623,3
2.0454,3
1.9385,3
1.9285,3
1.913,3
1.8297,3
1.7573,3
1.737,3
1.8001,3
1.8117,3
1.7818,3
2.2449,3
2.222,3
2.1497,3
2.1779,3
2.1005,3
2.0368,3
1.992,3
1.8866,3
1.9507,3
1.9396,3
1.827,3
1.8999,3
1.8032,3
1.841,3
1.8012,3
1.7481,3
1.7409,3
1.7621,3
1.6979,3
1.6955,3
1.6879,3
1.7673,3
1.7642,3
1.7807,3
1.8156,3
1.714,3
1.7609,3
1.7077,3
1.6786,3
1.7294,3
1.6767,3
1.6931,3
1.7061,3
1.7039,3
1.6347,3
1.6927,3
1.7046,3
1.688,3
1.6302,3
1.6847,3
1.6506,3
1.6755,3
1.3868,3
1.3954,3
1.3925,3
1.3904,3
1.4399,3
1.4525,3
1.4759,3
1.4979,3
1.4755,3
1.425,3
1.4543,3
1.4528,3
1.5152,3
1.5223,3
1.4953,3
1.4812,3
1.5354,3
1.4789,3
1.5015,3
1.5516,3
1.5646,3
0.75656,3
0.77886,3
0.80536,3
0.91076,3
0.97107,3
1.0642,3
1.1143,3
1.1848,3
1.2074,3
1.2114,3
1.2994,3
1.2802,3
1.3082,3
1.3385,3
1.3638,3
1.4189,3
1.3694,3
1.3844,3
1.4327,3
1.4381,3
1.4833,3
-0.70191,3
-0.96695,3
-1.4825,3
-2.0399,3
-1.1874,3
-0.28604,3
0.30136,3
0.6407,3
0.81614,3
0.99911,3
1.0776,3
1.1739,3
1.2615,3
1.2817,3
1.333,3
1.3671,3
1.3712,3
1.3695,3
1.4277,3
1.3829,3
1.4355,3
-0.56385,3
-0.83631,3
-1.3512,3
-1.765,3
-0.88468,3
0.062428,3
0.68282,3
0.99972,3
1.2542,3
1.4286,3
1.5653,3
1.5629,3
1.6687,3
1.7542,3
1.7505,3
1.7676,3
1.8556,3
1.7862,3
1.8044,3
1.8058,3
1.8753,3
1.3584,3
1.4324,3
1.4923,3
1.5873,3
1.714,3
1.8738,3
1.9541,3
2.0197,3
2.1296,3
2.0801,3
2.0824,3
2.1819,3
2.085,3
2.1344,3
2.0532,3
2.0813,3
2.0135,3
2.1055,3
2.1043,3
2.0961,3
2.0007,3
2.1708,3
2.1631,3
2.3136,3
2.3929,3
2.6295,3
2.8304,3
3.1581,3
3.3515,3
3.317,3
3.0266,3
2.7823,3
2.6443,3
2.5137,3
2.4997,3
2.29,3
2.274,3
2.3077,3
2.2436,3
2.1907,3
2.1906,3
2.131,3
2.5022,3
2.6312,3
2.7184,3
2.8157,3
3.0625,3
3.6401,3
4.2673,3
4.9529,3
4.5353,3
3.703,3
3.4245,3
3.036,3
2.7575,3
2.6597,3
2.4955,3
2.425,3
2.3458,3
2.3349,3
2.2796,3
2.2747,3
2.3178,3
2.3829,3
2.3301,3
2.3605,3
2.4033,3
2.4971,3
2.5379,3
2.5893,3
2.6815,3
2.8161,3
2.7538,3
2.6006,3
2.505,3
2.4504,3
2.5046,3
2.3378,3
2.2829,3
2.3268,3
2.3417,3
2.2906,3
2.2178,3
2.298,3
1.8597,3
1.9117,3
1.9335,3
1.9172,3
2.075,3
2.0619,3
2.0656,3
2.1033,3
2.0985,3
2.1483,3
2.1319,3
2.1118,3
2.1063,3
2.1517,3
2.1095,3
2.0633,3
2.0764,3
2.0692,3
2.0301,3
2.11,3
2.0286,3
1.1567,3
1.1733,3
1.2464,3
1.3728,3
1.4388,3
1.5537,3
1.6682,3
1.755,3
1.7757,3
1.7366,3
1.8077,3
1.8294,3
1.8,3
1.9088,3
1.8763,3
1.8708,3
1.8961,3
1.9552,3
1.9047,3
1.9488,3
1.9645,3
-0.64026,3
-0.89053,3
-1.4017,3
-1.9125,3
-0.93485,3
0.0099929,3
0.62368,3
0.94381,3
1.2126,3
1.3681,3
1.4469,3
1.5774,3
1.5628,3
1.7069,3
1.7397,3
1.7474,3
1.7502,3
1.7708,3
1.8422,3
1.8016,3
1.7885,3
-0.58868,3
-0.84665,3
-1.3598,3
-1.9087,3
-0.96296,3
-0.048476,3
0.5368,3
0.91039,3
1.0869,3
1.3067,3
1.3541,3
1.4433,3
1.537,3
1.6556,3
1.6282,3
1.6542,3
1.776,3
1.774,3
1.8142,3
1.746,3
1.7767,3
1.3481,3
1.4181,3
1.4193,3
1.5064,3
1.5454,3
1.6378,3
1.7008,3
1.7373,3
1.7996,3
1.7862,3
1.842,3
1.8551,3
1.8202,3
1.9111,3
1.8896,3
1.9779,3
1.9764,3
1.9561,3
1.9172,3
1.9704,3
1.978,3
2.3261,3
2.3102,3
2.3996,3
2.2583,3
2.3426,3
2.2225,3
2.2845,3
2.229,3
2.1895,3
2.2465,3
2.1273,3
2.197,3
2.2038,3
2.1243,3
2.1929,3
2.1345,3
2.1398,3
2.1565,3
2.1187,3
2.0866,3
2.1491,3
4.7414,3
5.0507,3
5.5728,3
5.9021,3
5.2103,3
4.2237,3
3.5376,3
3.2852,3
2.9093,3
2.8345,3
2.746,3
2.6818,3
2.4843,3
2.5621,3
2.4965,3
2.4464,3
2.3991,3
2.2924,3
2.3499,3
2.26,3
2.3489,3
4.7265,3
4.9874,3
5.5547,3
5.9543,3
5.0272,3
4.2716,3
3.4772,3
3.124,3
2.9323,3
2.7928,3
2.6886,3
2.6918,3
2.6246,3
2.46,3
2.4549,3
2.4307,3
2.4262,3
2.2934,3
2.2673,3
2.3018,3
2.3345,3
2.7264,3
2.7967,3
2.7237,3
2.6535,3
2.5554,3
2.4744,3
2.4929,3
2.4067,3
2.2949,3
2.3744,3
2.2272,3
2.2763,3
2.1945,3
2.269,3
2.187,3
2.2216,3
2.1793,3
2.1701,3
2.1262,3
2.1346,3
2.1095,3
1.4524,3
1.4479,3
1.49,3
1.4888,3
1.5866,3
1.6926,3
1.7149,3
1.7113,3
1.7587,3
1.7965,3
1.8092,3
1.8654,3
1.9352,3
1.9228,3
1.9337,3
1.9671,3
1.9332,3
1.9023,3
1.9274,3
1.9344,3
1.9731,3
-0.57687,3
-0.83194,3
-1.3529,3
-1.8302,3
-0.95243,3
-0.032743,3
0.57783,3
0.91103,3
1.115,3
1.2564,3
1.413,3
1.5107,3
1.529,3
1.5761,3
1.6199,3
1.6562,3
1.694,3
1.7564,3
1.7981,3
1.7666,3
1.8402,3
-0.67915,3
-0.98894,3
-1.4675,3
-1.9823,3
-1.0313,3
-0.058303,3
0.56694,3
0.9108,3
1.1396,3
1.2986,3
1.3905,3
1.4892,3
1.6061,3
1.6303,3
1.6813,3
1.7021,3
1.7522,3
1.8004,3
1.812,3
1.7545,3
1.7922,3
1.0685,3
1.0683,3
1.1184,3
1.2048,3
1.2988,3
1.478,3
1.5363,3
1.5492,3
1.6189,3
1.6968,3
1.7351,3
1.7899,3
1.782,3
1.8529,3
1.8594,3
1.8834,3
1.8716,3
1.8395,3
1.9217,3
1.875,3
1.9151,3
1.6712,3
1.6564,3
1.7084,3
1.8093,3
1.8089,3
1.9348,3
1.8902,3
1.9822,3
1.9964,3
1.9419,3
1.9525,3
2.0535,3
2.0135,3
1.95,3
2.0381,3
2.0422,3
2.0617,3
2.0161,3
1.9901,3
2.0428,3
1.9817,3
2.3231,3
2.3347,3
2.3566,3
2.4297,3
2.5458,3
2.4958,3
2.6313,3
2.6876,3
2.8052,3
2.6748,3
2.6477,3
2.5498,3
2.4513,3
2.4853,3
2.3532,3
2.2587,3
2.3367,3
2.2404,3
2.2563,3
2.2003,3
2.1681,3
2.6011,3
2.5307,3
2.6795,3
2.7932,3
3.1742,3
3.5576,3
4.2581,3
4.9434,3
4.3839,3
3.8768,3
3.4257,3
3.0674,3
2.8167,3
2.6915,3
2.5006,3
2.4632,3
2.3664,3
2.4101,3
2.2559,3
2.2709,3
2.3246,3
2.3569,3
2.3093,3
2.5277,3
2.5984,3
2.9053,3
3.3635,3
4.0222,3
4.7997,3
4.2997,3
3.7617,3
3.1742,3
2.963,3
2.6124,3
2.5915,3
2.4105,3
2.3623,3
2.3634,3
2.2706,3
2.1962,3
2.281,3
2.244,3
1.3946,3
1.4032,3
1.4784,3
1.613,3
1.7717,3
1.9059,3
2.0244,3
2.1027,3
2.1692,3
2.108,3
2.142,3
2.1365,3
2.1094,3
2.165,3
2.1362,3
2.1272,3
2.0229,3
2.1054,3
2.0438,3
2.036,3
2.0164,3
-0.60154,3
-0.88809,3
-1.3431,3
-1.7854,3
-0.90924,3
0.031839,3
0.66228,3
0.96892,3
1.2241,3
1.3874,3
1.4714,3
1.5843,3
1.6886,3
1.6591,3
1.6982,3
1.7129,3
1.8039,3
1.8503,3
1.8031,3
1.7896,3
1.8331,3
-0.81015,3
-1.1108,3
-1.6069,3
-2.1408,3
-1.2631,3
-0.35358,3
0.22047,3
0.55023,3
0.76491,3
0.95747,3
1.0273,3
1.1159,3
1.2015,3
1.2762,3
1.2729,3
1.2935,3
1.3772,3
1.3613,3
1.3951,3
1.3846,3
1.4164,3
0.67749,3
0.68543,3
0.75383,3
0.78643,3
0.88703,3
1.0149,3
1.0964,3
1.1011,3
1.1551,3
1.1833,3
1.2578,3
1.2709,3
1.2887,3
1.3428,3
1.3377,3
1.3844,3
1.3689,3
1.3775,3
1.3765,3
1.4427,3
1.4661,3
1.2601,3
1.2267,3
1.2724,3
1.3221,3
1.3705,3
1.4037,3
1.3555,3
1.3644,3
1.441,3
1.445,3
1.4264,3
1.4386,3
1.4099,3
1.4922,3
1.5003,3
1.4888,3
1.5327,3
1.4912,3
1.5388,3
1.4694,3
1.4917,3
1.9192,3
1.9017,3
1.8788,3
1.8255,3
1.8384,3
1.8266,3
1.8323,3
1.7653,3
1.7682,3
1.7321,3
1.7575,3
1.7179,3
1.7081,3
1.6768,3
1.7335,3
1.6603,3
1.7345,3
1.6853,3
1.7109,3
1.7202,3
1.7099,3
2.5052,3
2.5134,3
2.4001,3
2.3441,3
2.3168,3
2.1435,3
2.1461,3
2.0825,3
1.9752,3
1.9829,3
1.9149,3
1.8683,3
1.8308,3
1.8844,3
1.8502,3
1.8031,3
1.7793,3
1.8243,3
1.7573,3
1.7937,3
1.802,3
3.9711,3
4.2874,3
4.88,3
5.4,3
4.5209,3
3.4424,3
3.0254,3
2.6208,3
2.4128,3
2.2888,3
2.1384,3
2.0315,3
2.0082,3
1.9924,3
1.914,3
1.8066,3
1.8718,3
1.8146,3
1.7969,3
1.7858,3
1.801,3
2.825,3
2.857,3
3.1036,3
3.0609,3
2.8985,3
2.4248,3
2.2448,3
2.0303,3
1.9834,3
1.8251,3
1.7703,3
1.8225,3
1.7537,3
1.7754,3
1.7519,3
1.6902,3
1.6392,3
1.683,3
1.6876,3
1.6732,3
1.6159,3
-0.37799,3
-0.67016,3
-1.2047,3
-1.7333,3
-0.94772,3
-0.06821,3
0.48348,3
0.80262,3
0.98808,3
1.1233,3
1.2413,3
1.3009,3
1.3174,3
1.3361,3
1.3693,3
1.3936,3
1.4805,3
1.4237,3
1.4256,3
1.4297,3
1.459,3
-0.89791,3
-1.2108,3
-1.6696,3
-2.1516,3
-1.1756,3
-0.15858,3
0.50847,3
0.91638,3
1.1472,3
1.3129,3
1.3687,3
1.3695,3
1.3216,3
1.3905,3
1.3375,3
1.3065,3
1.3729,3
1.3617,3
1.3303,3
1.3597,3
1.3531,3
0.57846,3
0.59328,3
0.64517,3
0.72208,3
0.86338,3
1.0084,3
1.0838,3
1.1401,3
1.1907,3
1.2443,3
1.2173,3
1.2969,3
1.3099,3
1.2886,3
1.2862,3
1.3304,3
1.3007,3
1.3134,3
1.3315,3
1.3009,3
1.3228,3
1.0584,3
1.039,3
1.0872,3
1.1157,3
1.2238,3
1.2638,3
1.3126,3
1.3417,3
1.3293,3
1.3396,3
1.3348,3
1.3323,3
1.364,3
1.3681,3
1.3431,3
1.329,3
1.3703,3
1.375,3
1.3709,3
1.3925,3
1.3919,3
1.3394,3
1.3705,3
1.3619,3
1.4217,3
1.4324,3
1.4179,3
1.4688,3
1.4461,3
1.4804,3
1.4886,3
1.4766,3
1.4323,3
1.4747,3
1.4187,3
1.4497,3
1.4175,3
1.4145,3
1.4384,3
1.412,3
1.4554,3
1.4165,3
1.4466,3
1.4082,3
1.4529,3
1.4831,3
1.4804,3
1.5567,3
1.4938,3
1.5172,3
1.561,3
1.5307,3
1.5169,3
1.532,3
1.4975,3
1.527,3
1.5324,3
1.5054,3
1.4955,3
1.5166,3
1.4594,3
1.4345,3
1.4312,3
1.3888,3
1.3971,3
1.4803,3
1.5422,3
1.5807,3
1.6145,3
1.6985,3
1.7293,3
1.7416,3
1.7667,3
1.7441,3
1.718,3
1.6291,3
1.6439,3
1.5843,3
1.5608,3
1.5115,3
1.5576,3
1.4758,3
1.4929,3
1.5014,3
1.0373,3
1.0641,3
1.2324,3
1.4544,3
1.8278,3
2.2479,3
3.0767,3
3.8211,3
3.4317,3
2.7443,3
2.2686,3
2.0052,3
1.8238,3
1.7552,3
1.6816,3
1.5453,3
1.501,3
1.5302,3
1.4586,3
1.4764,3
1.4934,3
-0.71743,3
-0.97228,3
-1.4079,3
-1.6883,3
-0.53163,3
0.82325,3
2.1011,3
3.3196,3
2.9388,3
2.3657,3
2.076,3
1.8222,3
1.6975,3
1.5826,3
1.5081,3
1.419,3
1.3938,3
1.4398,3
1.4314,3
1.3931,3
1.4037,3
0.50473,3
0.43305,3
0.30635,3
0.083499,3
-0.27412,3
-0.8259,3
-1.5634,3
-2.4489,3
-1.9216,3
-1.2455,3
-0.81071,3
-0.53492,3
-0.34598,3
-0.21725,3
-0.13995,3
-0.077253,3
-0.036133,3
-0.0056335,3
0.014879,3
0.028922,3
0.038941,3
2.1803,3
2.4971,3
2.9166,3
3.3013,3
2.0168,3
0.70844,3
-0.59744,3
-1.7292,3
-1.3947,3
-0.89079,3
-0.52141,3
-0.2744,3
-0.13884,3
-0.04229,3
0.01897,3
0.05903,3
0.089162,3
0.10385,3
0.11805,3
0.12911,3
0.13092,3
2.4497,3
2.7655,3
3.1264,3
3.6164,3
2.7107,3
1.7054,3
1.0148,3
0.58378,3
0.36146,3
0.23196,3
0.18098,3
0.16223,3
0.16711,3
0.173,3
0.1773,3
0.18508,3
0.17982,3
0.18941,3
0.19154,3
0.18777,3
0.18726,3
0.77719,3
0.76756,3
0.70817,3
0.63938,3
0.54908,3
0.47243,3
0.40841,3
0.36215,3
0.33398,3
0.30057,3
0.28732,3
0.26686,3
0.25732,3
0.24369,3
0.23525,3
0.22333,3
0.22141,3
0.21679,3
0.20916,3
0.21163,3
0.21216,3
0.44117,3
0.42242,3
0.39817,3
0.35785,3
0.30057,3
0.26302,3
0.2311,3
0.22157,3
0.22034,3
0.21104,3
0.19814,3
0.19435,3
0.19476,3
0.18795,3
0.18719,3
0.18488,3
0.18977,3
0.17863,3
0.18654,3
0.18579,3
0.18565,3
0.19599,3
0.18776,3
0.17644,3
0.15601,3
0.13387,3
0.10932,3
0.097471,3
0.08896,3
0.08574,3
0.087744,3
0.085854,3
0.086621,3
0.092172,3
0.097177,3
0.10068,3
0.10062,3
0.1064,3
0.10756,3
0.11273,3
0.11597,3
0.11569,3
0.12273,3
0.10857,3
0.087382,3
0.063447,3
0.034886,3
0.0095705,3
-0.010548,3
-0.027821,3
-0.037953,3
-0.04186,3
-0.03699,3
-0.02861,3
-0.016638,3
-0.0026167,3
0.011119,3
0.0245,3
0.035619,3
0.044866,3
0.050976,3
0.058886,3
0.062015,3
0.16868,3
0.13737,3
0.081132,3
0.0059285,3
-0.084048,3
-0.17561,3
-0.27323,3
-0.36162,3
-0.40211,3
-0.36365,3
-0.3095,3
-0.2521,3
-0.19385,3
-0.14023,3
-0.093724,3
-0.059064,3
-0.031052,3
-0.011058,3
0.0046115,3
0.015524,3
0.022943,3
0.077222,3
0.044259,3
-0.033122,3
-0.17682,3
-0.4051,3
-0.82127,3
-1.5511,3
-2.3377,3
-1.7377,3
-1.031,3
-0.56087,3
-0.26167,3
-0.052787,3
0.08739,3
0.18994,3
0.25089,3
0.31413,3
0.34459,3
0.36699,3
0.38582,3
0.38704,3
0.30383,3
0.26903,3
0.192,3
0.070458,3
-0.15831,3
-0.55175,3
-1.2302,3
-1.9003,3
-1.3666,3
-0.7045,3
-0.27531,3
0.0085838,3
0.17921,3
0.29033,3
0.35706,3
0.40659,3
0.45171,3
0.45198,3
0.48476,3
0.47533,3
0.50232,3
0.72362,3
0.75011,3
0.78332,3
0.84674,3
0.95444,3
1.0751,3
1.2807,3
1.4969,3
1.311,3
1.1276,3
0.94772,3
0.82016,3
0.74168,3
0.7142,3
0.67451,3
0.64713,3
0.65422,3
0.63085,3
0.6346,3
0.61131,3
0.62114,3
1.0671,3
1.1486,3
1.2102,3
1.3289,3
1.629,3
1.9731,3
2.7497,3
3.4987,3
2.9184,3
2.1827,3
1.7659,3
1.4146,3
1.2497,3
1.1019,3
0.98566,3
0.90757,3
0.88009,3
0.81197,3
0.78729,3
0.75793,3
0.75164,3
0.98682,3
0.95871,3
1.0115,3
1.0423,3
1.0451,3
1.0876,3
1.1968,3
1.1997,3
1.2484,3
1.1949,3
1.126,3
1.0943,3
0.98806,3
0.92233,3
0.87304,3
0.87525,3
0.81276,3
0.81716,3
0.75922,3
0.76742,3
0.75369,3
0.71992,3
0.74519,3
0.7209,3
0.75135,3
0.71454,3
0.74186,3
0.75058,3
0.74074,3
0.72846,3
0.73739,3
0.7216,3
0.72066,3
0.72925,3
0.72565,3
0.68298,3
0.70467,3
0.67888,3
0.65149,3
0.67592,3
0.64465,3
0.66009,3
0.52172,3
0.51229,3
0.50549,3
0.51526,3
0.51152,3
0.53138,3
0.50684,3
0.49613,3
0.50235,3
0.49853,3
0.48421,3
0.48246,3
0.50929,3
0.50112,3
0.50709,3
0.51643,3
0.52063,3
0.52132,3
0.53005,3
0.52977,3
0.52888,3
0.22317,3
0.21735,3
0.19688,3
0.17681,3
0.14347,3
0.10927,3
0.051589,3
-0.022765,3
-0.039835,3
-0.0084066,3
0.051622,3
0.12528,3
0.183,3
0.23895,3
0.28964,3
0.33801,3
0.34895,3
0.37831,3
0.39744,3
0.39982,3
0.41839,3
0.064982,3
0.021771,3
-0.072131,3
-0.23591,3
-0.49906,3
-0.94945,3
-1.6112,3
-2.4446,3
-1.8194,3
-1.1688,3
-0.71106,3
-0.38219,3
-0.16751,3
-0.013238,3
0.095603,3
0.18005,3
0.24118,3
0.27117,3
0.30751,3
0.33271,3
0.35414,3
0.30232,3
0.24717,3
0.14115,3
-0.040725,3
-0.33753,3
-0.77927,3
-1.4688,3
-2.3287,3
-1.7276,3
-1.069,3
-0.57932,3
-0.28099,3
-0.062091,3
0.08021,3
0.18678,3
0.25276,3
0.31495,3
0.34803,3
0.37386,3
0.40384,3
0.40951,3
0.91429,3
0.9242,3
0.85776,3
0.75486,3
0.61419,3
0.50522,3
0.37837,3
0.26176,3
0.2234,3
0.23897,3
0.2813,3
0.33344,3
0.36397,3
0.42226,3
0.43966,3
0.49413,3
0.49154,3
0.51945,3
0.52965,3
0.55098,3
0.55366,3
3.2732,3
3.5786,3
4.1084,3
4.5793,3
3.4554,3
2.6166,3
1.9808,3
1.6659,3
1.3648,3
1.2723,3
1.1395,3
1.0692,3
0.96008,3
0.95445,3
0.87438,3
0.83854,3
0.82058,3
0.83304,3
0.81471,3
0.80747,3
0.77135,3
3.3611,3
3.5772,3
4.2052,3
4.6279,3
3.6836,3
2.7421,3
2.0481,3
1.692,3
1.4654,3
1.3675,3
1.2392,3
1.1531,3
1.0751,3
1.031,3
0.98448,3
0.92199,3
0.8892,3
0.87286,3
0.83736,3
0.83253,3
0.83915,3
1.5988,3
1.5684,3
1.5264,3
1.4031,3
1.3186,3
1.1766,3
1.095,3
1.0483,3
0.95529,3
0.94216,3
0.8993,3
0.86189,3
0.83532,3
0.81897,3
0.82002,3
0.80701,3
0.75206,3
0.74631,3
0.77284,3
0.73048,3
0.74046,3
0.77524,3
0.79061,3
0.76461,3
0.68525,3
0.63284,3
0.61713,3
0.57173,3
0.54756,3
0.53172,3
0.51717,3
0.517,3
0.53184,3
0.53065,3
0.54929,3
0.54364,3
0.57481,3
0.58064,3
0.56498,3
0.59,3
0.56459,3
0.59597,3
0.28956,3
0.2601,3
0.23295,3
0.18639,3
0.12749,3
0.065296,3
-0.0065918,3
-0.085882,3
-0.10778,3
-0.071242,3
-0.0074565,3
0.067308,3
0.14081,3
0.20638,3
0.25466,3
0.3024,3
0.34065,3
0.35988,3
0.37659,3
0.40513,3
0.40435,3
-0.033918,3
-0.070582,3
-0.14993,3
-0.29227,3
-0.52196,3
-0.91307,3
-1.6628,3
-2.4356,3
-1.8863,3
-1.1516,3
-0.68272,3
-0.371,3
-0.15473,3
-0.0078431,3
0.099426,3
0.17755,3
0.23571,3
0.2673,3
0.29357,3
0.31482,3
0.33421,3
-0.034407,3
-0.067647,3
-0.14397,3
-0.28153,3
-0.51947,3
-0.94319,3
-1.6203,3
-2.4161,3
-1.8084,3
-1.1622,3
-0.67846,3
-0.38112,3
-0.15287,3
-0.0077479,3
0.096817,3
0.17781,3
0.22289,3
0.26819,3
0.29329,3
0.31797,3
0.33562,3
0.26157,3
0.24708,3
0.22984,3
0.20696,3
0.1754,3
0.13425,3
0.071649,3
0.007307,3
-0.0064252,3
0.02855,3
0.089193,3
0.1645,3
0.22131,3
0.27384,3
0.32197,3
0.35224,3
0.38635,3
0.41079,3
0.43027,3
0.43561,3
0.44614,3
0.86051,3
0.86119,3
0.93041,3
0.91181,3
0.94141,3
0.99788,3
1.0778,3
1.1631,3
1.1492,3
1.0816,3
1.0558,3
0.95483,3
0.89142,3
0.8366,3
0.80022,3
0.76088,3
0.73236,3
0.75476,3
0.73151,3
0.69359,3
0.71268,3
1.1807,3
1.2275,3
1.256,3
1.3935,3
1.6634,3
2.0446,3
2.8361,3
3.4378,3
2.9902,3
2.2787,3
1.7914,3
1.4961,3
1.3132,3
1.14,3
1.0603,3
0.93611,3
0.93425,3
0.85785,3
0.84649,3
0.8221,3
0.81447,3
1.1603,3
1.1775,3
1.312,3
1.402,3
1.6274,3
2.1004,3
2.7596,3
3.6227,3
2.8925,3
2.3128,3
1.8142,3
1.5026,3
1.2882,3
1.1178,3
1.0403,3
0.96946,3
0.882,3
0.87778,3
0.85597,3
0.83976,3
0.8148,3
0.76989,3
0.76747,3
0.74518,3
0.78766,3
0.77726,3
0.79244,3
0.84135,3
0.88353,3
0.89265,3
0.87669,3
0.86209,3
0.81817,3
0.77696,3
0.75209,3
0.72418,3
0.7005,3
0.69148,3
0.68106,3
0.66737,3
0.67059,3
0.63302,3
0.26025,3
0.25388,3
0.23784,3
0.20748,3
0.16576,3
0.13002,3
0.072469,3
0.0072288,3
-0.0065151,3
0.029258,3
0.091911,3
0.15628,3
0.22256,3
0.28019,3
0.31227,3
0.34856,3
0.37815,3
0.411,3
0.42469,3
0.42042,3
0.43656,3
-0.17151,3
-0.21609,3
-0.32743,3
-0.49969,3
-0.78025,3
-1.2437,3
-1.9144,3
-2.667,3
-2.2256,3
-1.5763,3
-1.067,3
-0.73684,3
-0.53271,3
-0.38223,3
-0.28014,3
-0.2105,3
-0.15302,3
-0.11001,3
-0.085151,3
-0.062038,3
-0.050338,3
-0.389,3
-0.45137,3
-0.5252,3
-0.6997,3
-0.96834,3
-1.3903,3
-2.1031,3
-2.8471,3
-2.2598,3
-1.6831,3
-1.2087,3
-0.84633,3
-0.64345,3
-0.48232,3
-0.36275,3
-0.2924,3
-0.22288,3
-0.18855,3
-0.14977,3
-0.13318,3
-0.11977,3
-0.18558,3
-0.20182,3
-0.2266,3
-0.27323,3
-0.34548,3
-0.38923,3
-0.47376,3
-0.53856,3
-0.57512,3
-0.53215,3
-0.47398,3
-0.39677,3
-0.32615,3
-0.26071,3
-0.21351,3
-0.16789,3
-0.1283,3
-0.10389,3
-0.084718,3
-0.067749,3
-0.058071,3
0.48955,3
0.46536,3
0.42012,3
0.37978,3
0.32407,3
0.25821,3
0.22864,3
0.20582,3
0.19322,3
0.17607,3
0.17169,3
0.16102,3
0.16041,3
0.15942,3
0.16025,3
0.16037,3
0.16216,3
0.16154,3
0.16036,3
0.15938,3
0.1629,3
1.0755,3
1.072,3
1.0227,3
0.92783,3
0.82823,3
0.69146,3
0.60117,3
0.56852,3
0.52354,3
0.488,3
0.45426,3
0.41816,3
0.37721,3
0.36175,3
0.34246,3
0.32771,3
0.31689,3
0.29901,3
0.28294,3
0.27995,3
0.27136,3
2.7872,3
3.1886,3
3.641,3
4.1425,3
3.1307,3
2.2689,3
1.614,3
1.2491,3
1.0284,3
0.84861,3
0.73202,3
0.664,3
0.57654,3
0.55039,3
0.49632,3
0.46718,3
0.43919,3
0.40778,3
0.3839,3
0.38095,3
0.37904,3
2.1579,3
2.1609,3
2.2332,3
2.3436,3
1.9182,3
1.4452,3
1.0667,3
0.86852,3
0.70513,3
0.60113,3
0.49468,3
0.45668,3
0.39091,3
0.37226,3
0.35325,3
0.32867,3
0.31085,3
0.30553,3
0.29625,3
0.27569,3
0.28599,3
0.47817,3
0.43436,3
0.37801,3
0.28297,3
0.156,3
0.030756,3
-0.088322,3
-0.1919,3
-0.2467,3
-0.2252,3
-0.19032,3
-0.14141,3
-0.091864,3
-0.046917,3
-0.012156,3
0.016072,3
0.037149,3
0.053734,3
0.065307,3
0.075266,3
0.080116,3
-0.25865,3
-0.28413,3
-0.35718,3
-0.46442,3
-0.67571,3
-1.0335,3
-1.6726,3
-2.3423,3
-1.8352,3
-1.1988,3
-0.75327,3
-0.51661,3
-0.36783,3
-0.27236,3
-0.2114,3
-0.18467,3
-0.15539,3
-0.13886,3
-0.13317,3
-0.12293,3
-0.11454,3
-0.51528,3
-0.53653,3
-0.62294,3
-0.7581,3
-1.0333,3
-1.4376,3
-2.1443,3
-2.8448,3
-2.253,3
-1.6236,3
-1.1369,3
-0.86678,3
-0.66104,3
-0.52435,3
-0.40996,3
-0.35678,3
-0.30226,3
-0.27236,3
-0.24401,3
-0.22674,3
-0.21847,3
-0.39092,3
-0.40827,3
-0.42672,3
-0.45247,3
-0.48533,3
-0.5064,3
-0.55531,3
-0.63313,3
-0.64596,3
-0.63295,3
-0.55726,3
-0.50366,3
-0.43559,3
-0.3717,3
-0.32691,3
-0.29388,3
-0.27077,3
-0.25321,3
-0.22856,3
-0.22066,3
-0.21271,3
-0.1002,3
-0.10444,3
-0.10248,3
-0.097973,3
-0.095934,3
-0.091718,3
-0.092295,3
-0.099546,3
-0.10399,3
-0.11233,3
-0.11171,3
-0.10965,3
-0.10437,3
-0.10682,3
-0.10293,3
-0.099746,3
-0.093633,3
-0.095146,3
-0.091418,3
-0.092269,3
-0.09167,3
0.039898,3
0.041702,3
0.042921,3
0.04452,3
0.044922,3
0.046226,3
0.048927,3
0.049867,3
0.052752,3
0.049494,3
0.047226,3
0.0412,3
0.033177,3
0.026553,3
0.018239,3
0.011106,3
0.0046726,3
-0.00028057,3
-0.0043372,3
-0.0072992,3
-0.0092869,3
0.25475,3
0.26901,3
0.27524,3
0.29175,3
0.30439,3
0.32132,3
0.35182,3
0.37376,3
0.38548,3
0.37416,3
0.36285,3
0.31778,3
0.26826,3
0.22371,3
0.19048,3
0.16719,3
0.13735,3
0.11924,3
0.1053,3
0.095202,3
0.089366,3
0.37085,3
0.4163,3
0.47393,3
0.60243,3
0.86175,3
1.2326,3
1.9697,3
2.706,3
2.103,3
1.4781,3
0.9936,3
0.71789,3
0.50684,3
0.36865,3
0.27053,3
0.20681,3
0.16513,3
0.14007,3
0.11677,3
0.10325,3
0.088977,3
0.14826,3
0.17582,3
0.22776,3
0.34478,3
0.55011,3
0.94216,3
1.564,3
2.2859,3
1.6528,3
1.0621,3
0.63942,3
0.38178,3
0.22645,3
0.14268,3
0.087761,3
0.052999,3
0.030932,3
0.014823,3
0.004978,3
-0.0014384,3
-0.0053706,3
-0.42555,3
-0.4069,3
-0.34391,3
-0.2597,3
-0.14222,3
-0.013938,3
0.076615,3
0.13115,3
0.17912,3
0.21778,3
0.24835,3
0.26928,3
0.29974,3
0.30928,3
0.31791,3
0.33255,3
0.33826,3
0.34402,3
0.35501,3
0.35549,3
0.36017,3
-1.9613,3
-2.205,3
-2.7461,3
-3.2429,3
-2.2025,3
-1.2769,3
-0.6274,3
-0.22891,3
0.01207,3
0.15517,3
0.24711,3
0.29223,3
0.31878,3
0.32378,3
0.33587,3
0.33852,3
0.34381,3
0.36094,3
0.37015,3
0.3521,3
0.37373,3
-1.765,3
-2.0053,3
-2.3994,3
-2.7518,3
-1.7433,3
-0.59652,3
0.27593,3
0.88882,3
1.001,3
0.88295,3
0.78241,3
0.65558,3
0.5794,3
0.52614,3
0.49189,3
0.46217,3
0.45129,3
0.43665,3
0.43363,3
0.44059,3
0.42797,3
0.31642,3
0.38658,3
0.50201,3
0.70592,3
1.0244,3
1.5381,3
2.2565,3
3.1337,3
2.6264,3
1.8857,3
1.4578,3
1.1817,3
0.9661,3
0.8377,3
0.76469,3
0.66472,3
0.64486,3
0.59623,3
0.57553,3
0.56834,3
0.56322,3
0.53377,3
0.57633,3
0.60809,3
0.68273,3
0.74969,3
0.86474,3
0.93955,3
1.0178,3
1.0051,3
0.98121,3
0.959,3
0.84978,3
0.81737,3
0.7411,3
0.69457,3
0.65363,3
0.64664,3
0.60231,3
0.58096,3
0.57072,3
0.57272,3
0.51019,3
0.51932,3
0.5657,3
0.57244,3
0.59924,3
0.63511,3
0.62949,3
0.66594,3
0.64722,3
0.67173,3
0.66484,3
0.6561,3
0.61408,3
0.59496,3
0.60224,3
0.5704,3
0.57716,3
0.57485,3
0.54743,3
0.55331,3
0.54465,3
0.38201,3
0.39018,3
0.41755,3
0.43789,3
0.48621,3
0.49664,3
0.51604,3
0.53684,3
0.51996,3
0.52319,3
0.52805,3
0.52177,3
0.51182,3
0.50071,3
0.49921,3
0.48948,3
0.49142,3
0.47699,3
0.46817,3
0.48938,3
0.47349,3
0.062805,3
0.081007,3
0.12026,3
0.17269,3
0.23404,3
0.28859,3
0.31695,3
0.34924,3
0.34219,3
0.34858,3
0.37211,3
0.36692,3
0.38472,3
0.3787,3
0.38775,3
0.38983,3
0.38232,3
0.37996,3
0.39467,3
0.39755,3
0.39907,3
-0.44712,3
-0.40844,3
-0.39472,3
-0.32342,3
-0.22981,3
-0.12058,3
-0.048662,3
-0.0014467,3
0.040179,3
0.077114,3
0.11367,3
0.14804,3
0.17757,3
0.20444,3
0.23335,3
0.25636,3
0.27638,3
0.28784,3
0.29913,3
0.30086,3
0.31039,3
-1.9352,3
-2.2589,3
-2.7525,3
-3.3377,3
-2.4117,3
-1.4467,3
-0.87357,3
-0.57748,3
-0.34945,3
-0.18743,3
-0.079461,3
0.0066832,3
0.073437,3
0.1211,3
0.16227,3
0.19935,3
0.22355,3
0.25107,3
0.2698,3
0.27123,3
0.27454,3
-1.5545,3
-1.7773,3
-2.366,3
-2.931,3
-2.1071,3
-1.1832,3
-0.65615,3
-0.3343,3
-0.12948,3
-8.0593e-005,3
0.092771,3
0.16128,3
0.21053,3
0.25218,3
0.28226,3
0.30544,3
0.32085,3
0.33402,3
0.33396,3
0.34866,3
0.34378,3
2.5032,3
2.6981,3
3.2691,3
3.7249,3
2.9933,3
2.1849,3
1.6029,3
1.251,3
1.05,3
0.92064,3
0.85234,3
0.79907,3
0.73892,3
0.69414,3
0.64673,3
0.6202,3
0.62611,3
0.62194,3
0.5804,3
0.59118,3
0.57825,3
2.9335,3
3.1123,3
3.8007,3
4.1929,3
3.3233,3
2.3779,3
1.8196,3
1.463,3
1.2652,3
1.1552,3
0.99677,3
0.9221,3
0.86968,3
0.82118,3
0.7858,3
0.72379,3
0.72889,3
0.70692,3
0.67652,3
0.64681,3
0.63996,3
1.4017,3
1.3933,3
1.3389,3
1.2907,3
1.1429,3
1.0474,3
0.99543,3
0.92574,3
0.91379,3
0.8798,3
0.83294,3
0.78665,3
0.74884,3
0.72303,3
0.70043,3
0.69866,3
0.66868,3
0.6654,3
0.64522,3
0.64047,3
0.62293,3
0.67362,3
0.65429,3
0.64977,3
0.62813,3
0.60508,3
0.5779,3
0.59024,3
0.56864,3
0.56099,3
0.58295,3
0.56239,3
0.56298,3
0.56723,3
0.54771,3
0.54744,3
0.53919,3
0.54365,3
0.51541,3
0.51708,3
0.53655,3
0.52986,3
0.11537,3
0.1269,3
0.14509,3
0.17296,3
0.20721,3
0.24304,3
0.27095,3
0.27862,3
0.28829,3
0.3002,3
0.31188,3
0.32067,3
0.32451,3
0.33102,3
0.35277,3
0.34925,3
0.36534,3
0.37117,3
0.38483,3
0.39097,3
0.3774,3
-0.52492,3
-0.51947,3
-0.46256,3
-0.37974,3
-0.25723,3
-0.13434,3
-0.043973,3
0.0084625,3
0.054692,3
0.093794,3
0.12613,3
0.16366,3
0.19502,3
0.20965,3
0.23459,3
0.25293,3
0.26736,3
0.28313,3
0.28361,3
0.28254,3
0.28868,3
-2.2333,3
-2.5349,3
-3.1329,3
-3.4495,3
-2.6711,3
-1.6439,3
-1.0294,3
-0.68529,3
-0.45669,3
-0.30621,3
-0.1825,3
-0.093541,3
-0.021725,3
0.034356,3
0.077647,3
0.11627,3
0.14511,3
0.1672,3
0.18215,3
0.19559,3
0.20155,3
-2.1244,3
-2.4196,3
-2.9985,3
-3.4113,3
-2.5225,3
-1.5185,3
-0.96899,3
-0.58323,3
-0.37261,3
-0.21007,3
-0.0917,3
-0.0054358,3
0.058979,3
0.10701,3
0.14431,3
0.17712,3
0.20206,3
0.21318,3
0.22835,3
0.23821,3
0.2404,3
0.10496,3
0.13177,3
0.20556,3
0.3019,3
0.41749,3
0.55745,3
0.65481,3
0.75818,3
0.83499,3
0.82271,3
0.7505,3
0.70001,3
0.6473,3
0.63,3
0.56767,3
0.55589,3
0.5406,3
0.51004,3
0.51438,3
0.48275,3
0.4906,3
0.71827,3
0.78302,3
0.91295,3
1.063,3
1.3761,3
1.8214,3
2.5331,3
3.364,3
2.8324,3
2.0468,3
1.6227,3
1.3195,3
1.1132,3
0.97698,3
0.83054,3
0.78595,3
0.74283,3
0.68775,3
0.65455,3
0.63032,3
0.63311,3
0.99152,3
1.0025,3
1.0868,3
1.2806,3
1.5744,3
1.9885,3
2.7122,3
3.3849,3
2.9657,3
2.1789,3
1.7796,3
1.3827,3
1.1715,3
1.0714,3
0.93373,3
0.8789,3
0.80267,3
0.74598,3
0.71228,3
0.69472,3
0.69781,3
0.62534,3
0.66133,3
0.69062,3
0.73295,3
0.74801,3
0.8161,3
0.86151,3
0.89038,3
0.9408,3
0.92564,3
0.88709,3
0.85065,3
0.80611,3
0.76298,3
0.71743,3
0.6662,3
0.64941,3
0.62984,3
0.61019,3
0.60228,3
0.60158,3
0.09053,3
0.11374,3
0.15027,3
0.20138,3
0.25256,3
0.30625,3
0.35749,3
0.37447,3
0.37565,3
0.3894,3
0.41039,3
0.41938,3
0.40524,3
0.42687,3
0.42537,3
0.42296,3
0.40419,3
0.41196,3
0.40566,3
0.41644,3
0.4068,3
-0.65898,3
-0.65451,3
-0.62513,3
-0.59266,3
-0.50946,3
-0.44892,3
-0.37982,3
-0.34184,3
-0.29161,3
-0.26598,3
-0.22984,3
-0.20444,3
-0.18215,3
-0.16125,3
-0.14268,3
-0.12658,3
-0.11303,3
-0.10496,3
-0.097087,3
-0.094308,3
-0.091746,3
-2.5797,3
-2.847,3
-3.4045,3
-3.9687,3
-3.109,3
-2.0718,3
-1.5125,3
-1.1904,3
-0.91442,3
-0.77889,3
-0.66165,3
-0.55581,3
-0.48949,3
-0.42442,3
-0.39154,3
-0.35249,3
-0.31444,3
-0.29321,3
-0.26667,3
-0.25291,3
-0.25277,3
-2.6246,3
-2.9683,3
-3.4753,3
-3.8032,3
-2.9453,3
-2.0325,3
-1.5058,3
-1.1326,3
-0.92411,3
-0.76599,3
-0.64538,3
-0.56438,3
-0.48428,3
-0.44505,3
-0.38478,3
-0.34778,3
-0.3144,3
-0.29807,3
-0.26882,3
-0.25548,3
-0.25068,3
-0.29459,3
-0.2976,3
-0.28913,3
-0.26334,3
-0.23906,3
-0.20205,3
-0.17554,3
-0.16083,3
-0.14115,3
-0.12739,3
-0.11223,3
-0.10492,3
-0.092886,3
-0.084068,3
-0.073131,3
-0.06828,3
-0.061964,3
-0.057801,3
-0.05553,3
-0.052855,3
-0.051685,3
0.69543,3
0.67368,3
0.64909,3
0.58775,3
0.52726,3
0.4571,3
0.37945,3
0.33735,3
0.29749,3
0.27437,3
0.23331,3
0.21027,3
0.18657,3
0.16522,3
0.15051,3
0.13847,3
0.12093,3
0.11136,3
0.10682,3
0.1014,3
0.098355,3
2.6566,3
3.0143,3
3.453,3
4.0185,3
3.0094,3
2.1151,3
1.4615,3
1.144,3
0.96676,3
0.79865,3
0.67255,3
0.56323,3
0.49548,3
0.43951,3
0.38562,3
0.36602,3
0.32126,3
0.29601,3
0.28368,3
0.27141,3
0.25106,3
1.99,3
2.0688,3
2.1578,3
2.2794,3
1.8849,3
1.3683,3
1.0451,3
0.87748,3
0.74651,3
0.64489,3
0.55512,3
0.48147,3
0.42506,3
0.3643,3
0.33287,3
0.29293,3
0.28126,3
0.26067,3
0.2406,3
0.22197,3
0.22128,3
0.30614,3
0.29187,3
0.28844,3
0.26668,3
0.24075,3
0.2092,3
0.18424,3
0.17074,3
0.15375,3
0.13397,3
0.12595,3
0.11154,3
0.10149,3
0.088857,3
0.081007,3
0.075182,3
0.070438,3
0.066703,3
0.063121,3
0.059304,3
0.057362,3
-0.76097,3
-0.71696,3
-0.65776,3
-0.56218,3
-0.39355,3
-0.23898,3
-0.084259,3
0.035213,3
0.095247,3
0.097974,3
0.070469,3
0.026218,3
-0.015409,3
-0.050842,3
-0.080474,3
-0.10513,3
-0.12037,3
-0.13312,3
-0.14135,3
-0.15149,3
-0.15676,3
-2.7328,3
-3.0212,3
-3.6091,3
-4.0425,3
-3.0588,3
-2.17,3
-1.4756,3
-1.1187,3
-0.94321,3
-0.75778,3
-0.62978,3
-0.55226,3
-0.50418,3
-0.46006,3
-0.42665,3
-0.40573,3
-0.38791,3
-0.37745,3
-0.37235,3
-0.35947,3
-0.3614,3
-2.8537,3
-3.161,3
-3.697,3
-4.0139,3
-3.2331,3
-2.1882,3
-1.5905,3
-1.2099,3
-0.99415,3
-0.8349,3
-0.73649,3
-0.66836,3
-0.60637,3
-0.55651,3
-0.52238,3
-0.48404,3
-0.46183,3
-0.42867,3
-0.41692,3
-0.41843,3
-0.40426,3
-0.8945,3
-0.87624,3
-0.82479,3
-0.74916,3
-0.63358,3
-0.54862,3
-0.48231,3
-0.47471,3
-0.4366,3
-0.40586,3
-0.38454,3
-0.37685,3
-0.36531,3
-0.35125,3
-0.34212,3
-0.32846,3
-0.31853,3
-0.31608,3
-0.30359,3
-0.29579,3
-0.30543,3
-0.3866,3
-0.377,3
-0.34153,3
-0.30762,3
-0.26281,3
-0.21639,3
-0.1797,3
-0.17459,3
-0.16753,3
-0.15862,3
-0.15884,3
-0.15729,3
-0.15799,3
-0.16551,3
-0.17385,3
-0.17303,3
-0.18329,3
-0.18036,3
-0.18227,3
-0.19347,3
-0.1916,3
0.06041,3
0.071347,3
0.098145,3
0.13387,3
0.17399,3
0.20296,3
0.24277,3
0.28547,3
0.31514,3
0.30554,3
0.27248,3
0.21855,3
0.17943,3
0.13355,3
0.094208,3
0.058938,3
0.033947,3
0.01154,3
-0.0051529,3
-0.017327,3
-0.025221,3
0.25018,3
0.29528,3
0.40212,3
0.55229,3
0.83761,3
1.2026,3
1.9306,3
2.7161,3
2.1135,3
1.4892,3
1.064,3
0.74616,3
0.52155,3
0.37193,3
0.25808,3
0.19425,3
0.13411,3
0.09393,3
0.063641,3
0.043122,3
0.0297,3
-0.019894,3
0.03367,3
0.15065,3
0.34786,3
0.63607,3
1.0807,3
1.8729,3
2.638,3
2.0585,3
1.4065,3
0.91811,3
0.61837,3
0.42662,3
0.27132,3
0.18426,3
0.11462,3
0.06166,3
0.02587,3
0.00045878,3
-0.017375,3
-0.028441,3
-0.01303,3
-0.022667,3
-0.039243,3
-0.060536,3
-0.086565,3
-0.11069,3
-0.12774,3
-0.13138,3
-0.13695,3
-0.14138,3
-0.13425,3
-0.12803,3
-0.11841,3
-0.10241,3
-0.090864,3
-0.080912,3
-0.069685,3
-0.062899,3
-0.056614,3
-0.050643,3
-0.04898,3
0.00030768,3
-0.019708,3
-0.057591,3
-0.10853,3
-0.16847,3
-0.23557,3
-0.2833,3
-0.33816,3
-0.35484,3
-0.34138,3
-0.32025,3
-0.29133,3
-0.24673,3
-0.21329,3
-0.17124,3
-0.14893,3
-0.12902,3
-0.11307,3
-0.095264,3
-0.085769,3
-0.079616,3
0.21997,3
0.16375,3
0.068877,3
-0.085647,3
-0.31067,3
-0.58389,3
-0.94257,3
-1.188,3
-1.1262,3
-0.88436,3
-0.69876,3
-0.51067,3
-0.3854,3
-0.29283,3
-0.2237,3
-0.16944,3
-0.13697,3
-0.11328,3
-0.090387,3
-0.079241,3
-0.072184,3
2.1837,3
2.3093,3
2.7911,3
3.1695,3
1.9461,3
0.59543,3
-0.70188,3
-1.8139,3
-1.4739,3
-1.0091,3
-0.62891,3
-0.3779,3
-0.24259,3
-0.14751,3
-0.084393,3
-0.044087,3
-0.017212,3
0.0003344,3
0.01183,3
0.020289,3
0.024499,3
2.3858,3
2.5555,3
3.0743,3
3.5627,3
2.5727,3
1.5409,3
0.9191,3
0.47764,3
0.24764,3
0.11856,3
0.069287,3
0.054601,3
0.052769,3
0.0588,3
0.065557,3
0.068655,3
0.07259,3
0.075151,3
0.073467,3
0.074807,3
0.077755,3
0.83722,3
0.83651,3
0.78276,3
0.67228,3
0.55254,3
0.42785,3
0.34447,3
0.28694,3
0.23706,3
0.19532,3
0.16607,3
0.14605,3
0.12665,3
0.11879,3
0.10492,3
0.099397,3
0.099424,3
0.09345,3
0.09086,3
0.091472,3
0.089916,3
0.29605,3
0.27823,3
0.24138,3
0.18631,3
0.13082,3
0.082488,3
0.056632,3
0.046162,3
0.03952,3
0.036335,3
0.035259,3
0.034256,3
0.034613,3
0.036021,3
0.037228,3
0.040416,3
0.041174,3
0.042564,3
0.043444,3
0.04484,3
0.045093,3
0.05601,3
0.047122,3
0.028135,3
0.0061726,3
-0.019177,3
-0.043078,3
-0.058063,3
-0.061356,3
-0.064526,3
-0.063814,3
-0.058993,3
-0.054816,3
-0.048608,3
-0.044108,3
-0.037388,3
-0.031086,3
-0.02523,3
-0.020115,3
-0.016139,3
-0.012642,3
-0.011242,3
-0.10929,3
-0.1115,3
-0.11406,3
-0.11255,3
-0.11452,3
-0.11638,3
-0.11862,3
-0.11987,3
-0.12434,3
-0.12595,3
-0.11805,3
-0.11262,3
-0.10602,3
-0.096313,3
-0.087635,3
-0.082272,3
-0.07713,3
-0.073643,3
-0.066592,3
-0.06548,3
-0.063254,3
-0.32774,3
-0.34247,3
-0.3372,3
-0.36097,3
-0.37006,3
-0.37763,3
-0.41222,3
-0.45202,3
-0.4713,3
-0.44888,3
-0.42567,3
-0.38219,3
-0.32936,3
-0.30681,3
-0.26095,3
-0.22787,3
-0.214,3
-0.19293,3
-0.18269,3
-0.16928,3
-0.1658,3
-0.46371,3
-0.49005,3
-0.55207,3
-0.64168,3
-0.7647,3
-0.9606,3
-1.231,3
-1.4283,3
-1.3415,3
-1.1345,3
-0.8912,3
-0.68074,3
-0.5239,3
-0.43358,3
-0.35657,3
-0.30667,3
-0.25291,3
-0.22431,3
-0.21127,3
-0.18813,3
-0.17606,3
-0.22304,3
-0.24423,3
-0.29537,3
-0.42902,3
-0.63207,3
-0.97351,3
-1.5785,3
-2.2959,3
-1.7714,3
-1.1487,3
-0.7169,3
-0.442,3
-0.30655,3
-0.21607,3
-0.16238,3
-0.12173,3
-0.101,3
-0.087184,3
-0.078422,3
-0.07226,3
-0.064589,3
0.19042,3
0.21756,3
0.28065,3
0.38838,3
0.58433,3
0.96781,3
1.5896,3
2.3595,3
1.6976,3
1.071,3
0.68916,3
0.43824,3
0.28364,3
0.19727,3
0.1497,3
0.11021,3
0.085304,3
0.070688,3
0.058661,3
0.049131,3
0.047129,3
0.44641,3
0.47801,3
0.55271,3
0.69445,3
0.94883,3
1.3613,3
2.0049,3
2.7199,3
2.2574,3
1.538,3
1.1051,3
0.76126,3
0.57083,3
0.4447,3
0.3503,3
0.27845,3
0.2356,3
0.20591,3
0.17296,3
0.16561,3
0.14689,3
0.24809,3
0.24727,3
0.26223,3
0.27281,3
0.28763,3
0.28796,3
0.32638,3
0.3731,3
0.39662,3
0.39162,3
0.3562,3
0.31362,3
0.27505,3
0.23681,3
0.21093,3
0.18216,3
0.159,3
0.14602,3
0.13195,3
0.12017,3
0.11717,3
0.03096,3
0.030708,3
0.028772,3
0.026163,3
0.024049,3
0.021513,3
0.02254,3
0.029363,3
0.034467,3
0.038371,3
0.038827,3
0.038171,3
0.034794,3
0.032444,3
0.030443,3
0.026862,3
0.023956,3
0.022916,3
0.020946,3
0.018844,3
0.018984,3
-0.24633,3
-0.26482,3
-0.29918,3
-0.32585,3
-0.37448,3
-0.43608,3
-0.43999,3
-0.47092,3
-0.48484,3
-0.4869,3
-0.47019,3
-0.46611,3
-0.4715,3
-0.47042,3
-0.46655,3
-0.46258,3
-0.4686,3
-0.44695,3
-0.45769,3
-0.45126,3
-0.43901,3
-0.68084,3
-0.7103,3
-0.72097,3
-0.75509,3
-0.78495,3
-0.83865,3
-0.89396,3
-0.93217,3
-0.96477,3
-0.94966,3
-0.89453,3
-0.85785,3
-0.79183,3
-0.75321,3
-0.73646,3
-0.68401,3
-0.68223,3
-0.64481,3
-0.61988,3
-0.61045,3
-0.59392,3
-0.87561,3
-0.95833,3
-1.0219,3
-1.097,3
-1.2653,3
-1.4748,3
-1.7127,3
-1.9627,3
-1.8674,3
-1.6204,3
-1.4055,3
-1.2398,3
-1.0753,3
-0.98749,3
-0.8817,3
-0.83371,3
-0.79239,3
-0.72182,3
-0.70806,3
-0.70455,3
-0.67163,3
-0.61604,3
-0.66254,3
-0.77863,3
-0.96632,3
-1.3075,3
-1.7197,3
-2.5135,3
-3.1945,3
-2.6532,3
-2.0746,3
-1.5684,3
-1.2285,3
-1.0792,3
-0.90576,3
-0.80079,3
-0.74777,3
-0.69548,3
-0.67163,3
-0.62202,3
-0.60832,3
-0.62464,3
0.13323,3
0.098353,3
0.024344,3
-0.091951,3
-0.23629,3
-0.41099,3
-0.54489,3
-0.65417,3
-0.72276,3
-0.74188,3
-0.70868,3
-0.67947,3
-0.6135,3
-0.58369,3
-0.56696,3
-0.52846,3
-0.52227,3
-0.50357,3
-0.49202,3
-0.48533,3
-0.46733,3
2.109,3
2.3424,3
2.8295,3
3.3247,3
2.3823,3
1.524,3
0.85748,3
0.5066,3
0.28622,3
0.1244,3
0.011386,3
-0.067889,3
-0.1228,3
-0.16604,3
-0.20719,3
-0.2266,3
-0.24228,3
-0.25276,3
-0.2736,3
-0.27146,3
-0.27679,3
1.5941,3
1.6636,3
1.7905,3
1.7557,3
1.3577,3
0.8927,3
0.52768,3
0.33784,3
0.19143,3
0.094538,3
0.013138,3
-0.04856,3
-0.096839,3
-0.14201,3
-0.17289,3
-0.19756,3
-0.21053,3
-0.22683,3
-0.24316,3
-0.24406,3
-0.25124,3
0.23508,3
0.22365,3
0.16893,3
0.098083,3
0.012565,3
-0.080227,3
-0.13753,3
-0.17349,3
-0.20135,3
-0.22879,3
-0.24913,3
-0.26239,3
-0.27174,3
-0.28834,3
-0.29944,3
-0.30912,3
-0.32121,3
-0.3186,3
-0.32065,3
-0.32819,3
-0.3269,3
-0.34615,3
-0.33796,3
-0.32357,3
-0.29114,3
-0.25243,3
-0.21337,3
-0.16563,3
-0.093138,3
-0.079724,3
-0.12101,3
-0.18235,3
-0.24115,3
-0.30469,3
-0.36271,3
-0.40777,3
-0.42729,3
-0.47272,3
-0.47189,3
-0.4953,3
-0.50922,3
-0.50179,3
-0.83779,3
-0.80086,3
-0.83404,3
-0.83228,3
-0.85231,3
-0.86212,3
-0.86548,3
-0.92974,3
-0.95203,3
-0.93054,3
-0.89773,3
-0.83691,3
-0.83226,3
-0.78574,3
-0.79175,3
-0.7535,3
-0.76368,3
-0.74856,3
-0.73945,3
-0.71008,3
-0.72615,3
-1.0955,3
-1.1066,3
-1.1917,3
-1.2552,3
-1.3754,3
-1.6362,3
-1.903,3
-2.1256,3
-2.0192,3
-1.7606,3
-1.5269,3
-1.2952,3
-1.1906,3
-1.0763,3
-0.99987,3
-0.97064,3
-0.93142,3
-0.8672,3
-0.85487,3
-0.8351,3
-0.81587,3
-1.1694,3
-1.2558,3
-1.298,3
-1.4285,3
-1.6471,3
-2.1391,3
-2.8046,3
-3.5454,3
-3.0088,3
-2.3251,3
-1.8227,3
-1.5707,3
-1.3082,3
-1.1633,3
-1.0811,3
-1.0253,3
-0.9506,3
-0.92493,3
-0.87888,3
-0.84709,3
-0.84455,3
-0.92756,3
-0.95541,3
-0.95781,3
-0.9913,3
-1.0441,3
-1.0527,3
-1.1362,3
-1.1732,3
-1.1935,3
-1.1707,3
-1.1338,3
-1.0447,3
-0.99699,3
-0.9021,3
-0.88676,3
-0.83512,3
-0.83626,3
-0.80665,3
-0.77198,3
-0.76303,3
-0.78196,3
-0.45898,3
-0.47592,3
-0.4663,3
-0.45193,3
-0.42466,3
-0.41621,3
-0.40001,3
-0.35637,3
-0.35679,3
-0.37367,3
-0.38251,3
-0.41962,3
-0.46267,3
-0.46729,3
-0.50435,3
-0.53444,3
-0.52471,3
-0.55492,3
-0.54004,3
-0.56754,3
-0.57471,3
-0.1285,3
-0.098304,3
-0.026931,3
0.1032,3
0.34103,3
0.7311,3
1.4218,3
2.1909,3
1.5783,3
0.96735,3
0.52591,3
0.20485,3
-0.0006676,3
-0.13743,3
-0.2406,3
-0.30974,3
-0.36127,3
-0.40049,3
-0.42662,3
-0.43328,3
-0.43754,3
-0.083702,3
-0.048334,3
0.029175,3
0.16502,3
0.40115,3
0.79914,3
1.5342,3
2.2578,3
1.6797,3
1.0648,3
0.586,3
0.25426,3
0.041931,3
-0.10559,3
-0.20276,3
-0.27993,3
-0.32308,3
-0.37176,3
-0.38442,3
-0.40602,3
-0.41331,3
-0.10146,3
-0.091243,3
-0.07241,3
-0.054521,3
-0.031791,3
-0.009264,3
0.0039271,3
0.0095081,3
0.013748,3
0.014757,3
0.013841,3
0.012472,3
0.0093744,3
0.0056322,3
0.0018996,3
-0.0018895,3
-0.0054125,3
-0.0085286,3
-0.011415,3
-0.012895,3
-0.014629,3
-0.32439,3
-0.30818,3
-0.28907,3
-0.24629,3
-0.19714,3
-0.15789,3
-0.1334,3
-0.12511,3
-0.11429,3
-0.10543,3
-0.10169,3
-0.097137,3
-0.094439,3
-0.087798,3
-0.089424,3
-0.087641,3
-0.081403,3
-0.082982,3
-0.080485,3
-0.08355,3
-0.079004,3
-0.69141,3
-0.63636,3
-0.61686,3
-0.53999,3
-0.46441,3
-0.36973,3
-0.3059,3
-0.26876,3
-0.23046,3
-0.20391,3
-0.18331,3
-0.16223,3
-0.15072,3
-0.13741,3
-0.12982,3
-0.12644,3
-0.11838,3
-0.11713,3
-0.11642,3
-0.11358,3
-0.11073,3
-2.2865,3
-2.635,3
-3.0933,3
-3.5064,3
-2.5708,3
-1.5767,3
-0.89504,3
-0.48896,3
-0.25851,3
-0.12974,3
-0.07907,3
-0.065338,3
-0.066312,3
-0.071123,3
-0.073879,3
-0.082586,3
-0.085226,3
-0.088262,3
-0.089681,3
-0.091715,3
-0.088348,3
-2.1454,3
-2.3982,3
-2.7602,3
-3.2091,3
-1.9989,3
-0.62228,3
0.69032,3
1.7906,3
1.4831,3
0.97665,3
0.61314,3
0.38586,3
0.23043,3
0.14501,3
0.082813,3
0.041194,3
0.014268,3
-0.0045811,3
-0.016998,3
-0.025034,3
-0.029613,3
-0.40134,3
-0.3463,3
-0.21566,3
0.016826,3
0.37576,3
0.91889,3
1.6819,3
2.4374,3
2.0005,3
1.3484,3
0.95459,3
0.65002,3
0.43798,3
0.31744,3
0.23266,3
0.17277,3
0.13344,3
0.10728,3
0.08379,3
0.070984,3
0.061442,3
-0.044814,3
-0.022174,3
0.021087,3
0.078911,3
0.14242,3
0.21541,3
0.27176,3
0.33447,3
0.35098,3
0.36268,3
0.32719,3
0.2873,3
0.24034,3
0.20782,3
0.16664,3
0.13804,3
0.12026,3
0.099341,3
0.08348,3
0.073342,3
0.067216,3
-0.024684,3
-0.016402,3
-3.6529e-005,3
0.020237,3
0.043322,3
0.063394,3
0.082046,3
0.093215,3
0.099318,3
0.10327,3
0.10023,3
0.092546,3
0.084797,3
0.07457,3
0.068224,3
0.057398,3
0.049654,3
0.042371,3
0.036218,3
0.033125,3
0.02951,3
-0.23911,3
-0.24483,3
-0.25265,3
-0.26705,3
-0.28466,3
-0.32288,3
-0.32995,3
-0.32891,3
-0.33579,3
-0.33179,3
-0.35129,3
-0.35538,3
-0.37119,3
-0.36143,3
-0.38415,3
-0.38521,3
-0.39061,3
-0.39536,3
-0.40395,3
-0.40335,3
-0.39732,3
-0.69142,3
-0.70452,3
-0.67399,3
-0.64649,3
-0.62363,3
-0.61289,3
-0.58371,3
-0.58663,3
-0.5976,3
-0.60043,3
-0.58596,3
-0.59056,3
-0.57591,3
-0.55157,3
-0.56176,3
-0.53389,3
-0.53089,3
-0.52882,3
-0.5221,3
-0.54144,3
-0.52292,3
-1.1276,3
-1.1303,3
-1.0989,3
-1.0424,3
-0.95166,3
-0.88637,3
-0.86849,3
-0.84219,3
-0.79839,3
-0.77979,3
-0.74597,3
-0.71288,3
-0.71251,3
-0.69914,3
-0.66645,3
-0.64396,3
-0.6258,3
-0.62876,3
-0.60363,3
-0.60577,3
-0.62113,3
-2.7946,3
-3.0691,3
-3.567,3
-4.1472,3
-3.2529,3
-2.3365,3
-1.7517,3
-1.42,3
-1.1858,3
-1.0635,3
-0.9343,3
-0.89179,3
-0.83478,3
-0.78892,3
-0.72405,3
-0.72233,3
-0.66541,3
-0.65203,3
-0.64243,3
-0.65103,3
-0.63247,3
-2.1633,3
-2.5313,3
-3.0871,3
-3.6386,3
-2.8222,3
-1.9516,3
-1.427,3
-1.1604,3
-0.99187,3
-0.87097,3
-0.78798,3
-0.72248,3
-0.68016,3
-0.63517,3
-0.61503,3
-0.59259,3
-0.58739,3
-0.58004,3
-0.55439,3
-0.56733,3
-0.55768,3
1.2841,3
1.6027,3
2.1216,3
2.665,3
1.8945,3
1.0237,3
0.50795,3
0.22891,3
0.046468,3
-0.071454,3
-0.15635,3
-0.20564,3
-0.2504,3
-0.27911,3
-0.30812,3
-0.33038,3
-0.34639,3
-0.35632,3
-0.3542,3
-0.37739,3
-0.38153,3
1.2859,3
1.4056,3
1.5174,3
1.571,3
1.2775,3
0.81216,3
0.47814,3
0.29106,3
0.15573,3
0.05813,3
-0.021664,3
-0.086317,3
-0.13216,3
-0.17264,3
-0.2134,3
-0.2399,3
-0.25933,3
-0.27802,3
-0.28734,3
-0.28662,3
-0.30351,3
0.18778,3
0.17179,3
0.14077,3
0.090878,3
0.032431,3
-0.037631,3
-0.084325,3
-0.10931,3
-0.1366,3
-0.15692,3
-0.18187,3
-0.20802,3
-0.22939,3
-0.25405,3
-0.26032,3
-0.28181,3
-0.28658,3
-0.29962,3
-0.31658,3
-0.32209,3
-0.33126,3
-0.32219,3
-0.31568,3
-0.27772,3
-0.23213,3
-0.17101,3
-0.10849,3
-0.0375,3
0.038469,3
0.057148,3
0.020027,3
-0.046736,3
-0.12046,3
-0.19333,3
-0.25785,3
-0.30454,3
-0.36756,3
-0.38992,3
-0.42967,3
-0.43067,3
-0.4421,3
-0.45785,3
-0.82278,3
-0.80065,3
-0.75496,3
-0.73606,3
-0.66776,3
-0.62685,3
-0.61394,3
-0.58688,3
-0.56465,3
-0.56767,3
-0.58035,3
-0.56314,3
-0.57477,3
-0.57459,3
-0.60053,3
-0.59185,3
-0.62535,3
-0.61366,3
-0.63202,3
-0.61984,3
-0.62126,3
-1.3146,3
-1.28,3
-1.2497,3
-1.1747,3
-1.1108,3
-1.0144,3
-0.93155,3
-0.93035,3
-0.90479,3
-0.87589,3
-0.84472,3
-0.83306,3
-0.7965,3
-0.81393,3
-0.76596,3
-0.75445,3
-0.76039,3
-0.7764,3
-0.77817,3
-0.75977,3
-0.77981,3
-3.3395,3
-3.5532,3
-4.0476,3
-4.6023,3
-3.6439,3
-2.6163,3
-2.1305,3
-1.6911,3
-1.5019,3
-1.3314,3
-1.2598,3
-1.1836,3
-1.1134,3
-1.0631,3
-0.9867,3
-0.9721,3
-0.92199,3
-0.90341,3
-0.8968,3
-0.89551,3
-0.86763,3
-3.2566,3
-3.4743,3
-3.9368,3
-4.5303,3
-3.5048,3
-2.7021,3
-1.9682,3
-1.6249,3
-1.4033,3
-1.2977,3
-1.145,3
-1.0612,3
-1.0322,3
-1.0011,3
-0.94211,3
-0.8922,3
-0.87738,3
-0.84997,3
-0.88277,3
-0.8435,3
-0.85846,3
-1.3138,3
-1.3225,3
-1.2255,3
-1.1147,3
-0.9845,3
-0.85254,3
-0.75464,3
-0.64098,3
-0.56917,3
-0.57205,3
-0.54309,3
-0.57143,3
-0.57714,3
-0.60372,3
-0.62233,3
-0.6282,3
-0.61818,3
-0.63862,3
-0.63461,3
-0.64169,3
-0.64716,3
-0.42453,3
-0.38127,3
-0.26292,3
-0.085154,3
0.19785,3
0.65725,3
1.3278,3
2.14,3
1.5853,3
0.96388,3
0.48271,3
0.1664,3
-0.035988,3
-0.17466,3
-0.2828,3
-0.34075,3
-0.39516,3
-0.42491,3
-0.46864,3
-0.48377,3
-0.47751,3
-0.13455,3
-0.096357,3
0.00051891,3
0.1635,3
0.42082,3
0.84373,3
1.5771,3
2.3675,3
1.7595,3
1.1337,3
0.61803,3
0.30594,3
0.094499,3
-0.060052,3
-0.16279,3
-0.25189,3
-0.3022,3
-0.34018,3
-0.38366,3
-0.38708,3
-0.41808,3
-0.13443,3
-0.15173,3
-0.17276,3
-0.21163,3
-0.25671,3
-0.30961,3
-0.33528,3
-0.33781,3
-0.34687,3
-0.35103,3
-0.36582,3
-0.36897,3
-0.37114,3
-0.38146,3
-0.36868,3
-0.37784,3
-0.38493,3
-0.39099,3
-0.39161,3
-0.37197,3
-0.37801,3
-0.35706,3
-0.37704,3
-0.38188,3
-0.41727,3
-0.44134,3
-0.44153,3
-0.46263,3
-0.46825,3
-0.48903,3
-0.48339,3
-0.48651,3
-0.48293,3
-0.47133,3
-0.45674,3
-0.4662,3
-0.45891,3
-0.44868,3
-0.44361,3
-0.46286,3
-0.44602,3
-0.46175,3
-0.44871,3
-0.43464,3
-0.47567,3
-0.48304,3
-0.4932,3
-0.52279,3
-0.53486,3
-0.56448,3
-0.5766,3
-0.56492,3
-0.56968,3
-0.56344,3
-0.54142,3
-0.55484,3
-0.54248,3
-0.52511,3
-0.50522,3
-0.51112,3
-0.51548,3
-0.50546,3
-0.48152,3
-0.4016,3
-0.42797,3
-0.48581,3
-0.56805,3
-0.63944,3
-0.72611,3
-0.81763,3
-0.90772,3
-0.93429,3
-0.92215,3
-0.88585,3
-0.82917,3
-0.75007,3
-0.68265,3
-0.66993,3
-0.6343,3
-0.59397,3
-0.56994,3
-0.56252,3
-0.56145,3
-0.53707,3
-0.064326,3
-0.12266,3
-0.26189,3
-0.49107,3
-0.83912,3
-1.3933,3
-2.0903,3
-3.0222,3
-2.4777,3
-1.8202,3
-1.3903,3
-1.0962,3
-0.92474,3
-0.76878,3
-0.69307,3
-0.62382,3
-0.60566,3
-0.57634,3
-0.553,3
-0.54632,3
-0.51542,3
1.7248,3
1.9361,3
2.3966,3
2.693,3
1.5449,3
0.13931,3
-1.1388,3
-2.3033,3
-1.9322,3
-1.4102,3
-1.0737,3
-0.8699,3
-0.70954,3
-0.59258,3
-0.53312,3
-0.51192,3
-0.47792,3
-0.46834,3
-0.44172,3
-0.43415,3
-0.44431,3
1.3171,3
1.4115,3
1.5493,3
1.4591,3
1.0912,3
0.60357,3
0.21771,3
-0.033724,3
-0.20371,3
-0.30132,3
-0.354,3
-0.37842,3
-0.37796,3
-0.38627,3
-0.37285,3
-0.37725,3
-0.36251,3
-0.36928,3
-0.36321,3
-0.36883,3
-0.37907,3
0.21543,3
0.18705,3
0.13826,3
0.072715,3
-0.011506,3
-0.10122,3
-0.16446,3
-0.2064,3
-0.23941,3
-0.25508,3
-0.27718,3
-0.30154,3
-0.31714,3
-0.32765,3
-0.33312,3
-0.3412,3
-0.34551,3
-0.35808,3
-0.3558,3
-0.34476,3
-0.35906,3
-0.22953,3
-0.21817,3
-0.20541,3
-0.17051,3
-0.14215,3
-0.10183,3
-0.040982,3
0.027602,3
0.043149,3
0.0050986,3
-0.059527,3
-0.13388,3
-0.21018,3
-0.26233,3
-0.31608,3
-0.36267,3
-0.39071,3
-0.41522,3
-0.42451,3
-0.44744,3
-0.45043,3
-0.48531,3
-0.47572,3
-0.48885,3
-0.46511,3
-0.47478,3
-0.46482,3
-0.45844,3
-0.46198,3
-0.44959,3
-0.4575,3
-0.45674,3
-0.47794,3
-0.49822,3
-0.48798,3
-0.50241,3
-0.51836,3
-0.53001,3
-0.54331,3
-0.56137,3
-0.53876,3
-0.56857,3
-0.66993,3
-0.66705,3
-0.63466,3
-0.64281,3
-0.63955,3
-0.65361,3
-0.63583,3
-0.66398,3
-0.65987,3
-0.66355,3
-0.66099,3
-0.65482,3
-0.66946,3
-0.64405,3
-0.66439,3
-0.65507,3
-0.63972,3
-0.65455,3
-0.64853,3
-0.65843,3
-0.64907,3
-0.9645,3
-0.97809,3
-1.0037,3
-1.0471,3
-1.0369,3
-1.0933,3
-1.1382,3
-1.2637,3
-1.2821,3
-1.1954,3
-1.1841,3
-1.061,3
-1.0322,3
-0.95655,3
-0.90357,3
-0.87088,3
-0.84546,3
-0.80915,3
-0.8223,3
-0.79111,3
-0.80521,3
-1.1293,3
-1.1606,3
-1.2367,3
-1.3499,3
-1.6366,3
-2.0498,3
-2.6425,3
-3.431,3
-2.9298,3
-2.3105,3
-1.782,3
-1.464,3
-1.2283,3
-1.132,3
-1.0277,3
-0.96293,3
-0.87848,3
-0.87163,3
-0.83333,3
-0.83004,3
-0.8023,3
-0.91037,3
-0.96802,3
-0.99537,3
-1.1228,3
-1.3467,3
-1.7166,3
-2.4686,3
-3.1928,3
-2.5205,3
-1.8944,3
-1.4509,3
-1.2058,3
-1.021,3
-0.92384,3
-0.86275,3
-0.82072,3
-0.77719,3
-0.7576,3
-0.75178,3
-0.73571,3
-0.7101,3
-0.3747,3
-0.34329,3
-0.28585,3
-0.15908,3
0.055194,3
0.42826,3
1.0685,3
1.7731,3
1.2502,3
0.5764,3
0.15628,3
-0.11406,3
-0.2847,3
-0.37736,3
-0.45307,3
-0.48923,3
-0.52677,3
-0.53866,3
-0.55416,3
-0.54946,3
-0.54741,3
-0.11312,3
-0.079928,3
0.00055584,3
0.14054,3
0.3881,3
0.77539,3
1.4589,3
2.27,3
1.6765,3
1.0292,3
0.5338,3
0.22138,3
0.0068505,3
-0.13362,3
-0.23553,3
-0.29711,3
-0.343,3
-0.3934,3
-0.41285,3
-0.42152,3
-0.43201,3
-0.099905,3
-0.074692,3
-0.025565,3
0.042487,3
0.12309,3
0.20445,3
0.28682,3
0.37355,3
0.38867,3
0.36825,3
0.29551,3
0.22954,3
0.16692,3
0.11072,3
0.061116,3
0.024071,3
-0.0063705,3
-0.028921,3
-0.045446,3
-0.058903,3
-0.06582,3
-0.12139,3
-0.10603,3
-0.094132,3
-0.069193,3
-0.042306,3
-0.018575,3
-0.00065461,3
0.011192,3
0.018491,3
0.017846,3
0.011434,3
-0.00039217,3
-0.015109,3
-0.031093,3
-0.048234,3
-0.061478,3
-0.074969,3
-0.085811,3
-0.093055,3
-0.099811,3
-0.10494,3
-0.21391,3
-0.19804,3
-0.18513,3
-0.16718,3
-0.13507,3
-0.11238,3
-0.10002,3
-0.091012,3
-0.088989,3
-0.08907,3
-0.095213,3
-0.10061,3
-0.10885,3
-0.11151,3
-0.12362,3
-0.13123,3
-0.13727,3
-0.14117,3
-0.15108,3
-0.14678,3
-0.15599,3
-0.56614,3
-0.57504,3
-0.51823,3
-0.46741,3
-0.41636,3
-0.35704,3
-0.31071,3
-0.30148,3
-0.29618,3
-0.29292,3
-0.2815,3
-0.27061,3
-0.2611,3
-0.25903,3
-0.25155,3
-0.25719,3
-0.25714,3
-0.25617,3
-0.25194,3
-0.24954,3
-0.24454,3
-1.0918,3
-1.0127,3
-0.99649,3
-0.91391,3
-0.7789,3
-0.65762,3
-0.57928,3
-0.49918,3
-0.47446,3
-0.42133,3
-0.398,3
-0.37198,3
-0.34996,3
-0.33889,3
-0.31209,3
-0.32001,3
-0.30839,3
-0.30357,3
-0.30182,3
-0.2959,3
-0.29467,3
-2.5788,3
-2.8611,3
-3.3731,3
-3.7645,3
-2.8389,3
-1.9554,3
-1.2689,3
-0.8993,3
-0.6427,3
-0.47447,3
-0.3925,3
-0.35001,3
-0.32264,3
-0.31711,3
-0.29493,3
-0.28743,3
-0.2928,3
-0.28606,3
-0.27709,3
-0.27744,3
-0.28609,3
-1.7037,3
-1.7465,3
-1.8133,3
-1.6967,3
-1.0246,3
-0.15782,3
0.87157,3
1.7982,3
1.4427,3
0.90255,3
0.50679,3
0.25672,3
0.097899,3
-0.0020213,3
-0.067372,3
-0.11293,3
-0.13688,3
-0.15743,3
-0.17254,3
-0.18056,3
-0.19304,3
-0.33024,3
-0.26883,3
-0.14477,3
0.067941,3
0.38534,3
0.8974,3
1.6285,3
2.4675,3
1.913,3
1.302,3
0.79933,3
0.50903,3
0.32668,3
0.19174,3
0.10169,3
0.036509,3
-0.0077917,3
-0.040054,3
-0.060816,3
-0.07904,3
-0.086317,3
